1 
2 
3 4 5 6 7 8 
--------------------------
('Node Name:', '1')
('Node Cat:', [[2.824468306132178e-07, 0.6339515145465534, 0.366048203006616]])
('Node Sample:', 2)
('Is leaf:', False)
--------------------------
--------------------------
('Node Name:', '2')
('Node Cat:', [[8.005966536060926e-11, 0.8664788653055513, 0.13352113461438914], [0.021023222318088796, 0.9748580280567984, 0.0041187496251128474], [0.19332306154824697, 0.732333865468012, 0.07434307298374097]])
('Node Sample:', 1)
('Is leaf:', False)
--------------------------
--------------------------
('Node Name:', '3')
('Node Cat:', [[0.0028419883791834903, 0.04981235846788391, 0.9473456531529326], [0.0005617106935844033, 0.1502724462830479, 0.8491658430233677], [0.0008058609168724929, 0.22323570624950423, 0.7759584328336233]])
('Node Sample:', 1)
('Is leaf:', True)
--------------------------
--------------------------
('Node Name:', '4')
('Node Cat:', [[3.53191580838938e-06, 0.9410826184261488, 0.05891384965804283], [0.004720426189743773, 0.5010665946747804, 0.4942129791354757], [1.8061708560721613e-07, 0.9089975674878791, 0.09100225189503514]])
('Node Sample:', 2)
('Is leaf:', True)
--------------------------
--------------------------
('Node Name:', '5')
('Node Cat:', [[3.0870830707571783e-06, 0.07494918757480931, 0.9250477253421199], [0.0003145363071688839, 0.6008108733314131, 0.3988745903614178], [0.1747689225419981, 0.4438024871330645, 0.3814285903249372]])
('Node Sample:', 2)
('Is leaf:', True)
--------------------------
--------------------------
('Node Name:', '6')
('Node Cat:', [[0.03879959898829608, 0.34857899588869945, 0.6126214051230044], [8.755827900077648e-07, 1.3199822314979132e-05, 0.9999859245948951], [4.9174527222871345e-05, 0.9839660837560613, 0.015984741716715743]])
('Node Sample:', 2)
('Is leaf:', True)
--------------------------
--------------------------
('Node Name:', '7')
('Node Cat:', [[0.00010452383765395097, 0.9936151119398522, 0.006280364222493753], [0.008921515185917777, 0.34577921186128274, 0.6452992729527995], [0.03864781111822057, 0.5907628698491046, 0.37058931903267484]])
('Node Sample:', 2)
('Is leaf:', True)
--------------------------
--------------------------
('Node Name:', '8')
('Node Cat:', [[0.005525114132407966, 0.11691423628684061, 0.8775606495807514], [0.07845161754565086, 0.002043755186426873, 0.9195046272679223], [4.569475823590882e-11, 0.9000373524569388, 0.09996264749736634]])
('Node Sample:', 2)
('Is leaf:', True)
--------------------------
<type 'list'>
